blockSize:256
normalized:1
ray_cast:0
sample_size:1
file:conference.obj
leafNodeSize:4000
resolution:800,600
camera_location:-0.223715, 0.107609,0.16823
camera_lookat:0.17774, -0.056899, -0.147490
camera_direction:0,1,0
light_pos:-0.1592, 0.0773,0.0991
light_color:1,1,1
light_in:1
only_second:1